# ./gemm_riscv_generic  8
Matrix A =
    0.0000     1.0000     2.0000     3.0000     4.0000     5.0000     6.0000     7.0000 
    8.0000     9.0000    10.0000    11.0000    12.0000    13.0000    14.0000    15.0000 
   16.0000    17.0000    18.0000    19.0000    20.0000    21.0000    22.0000    23.0000 
   24.0000    25.0000    26.0000    27.0000    28.0000    29.0000    30.0000    31.0000 
   32.0000    33.0000    34.0000    35.0000    36.0000    37.0000    38.0000    39.0000 
   40.0000    41.0000    42.0000    43.0000    44.0000    45.0000    46.0000    47.0000 
   48.0000    49.0000    50.0000    51.0000    52.0000    53.0000    54.0000    55.0000 
   56.0000    57.0000    58.0000    59.0000    60.0000    61.0000    62.0000    63.0000 

Matrix B =
  100.0000   101.0000   102.0000   103.0000   104.0000   105.0000   106.0000   107.0000 
  108.0000   109.0000   110.0000   111.0000   112.0000   113.0000   114.0000   115.0000 
  116.0000   117.0000   118.0000   119.0000   120.0000   121.0000   122.0000   123.0000 
  124.0000   125.0000   126.0000   127.0000   128.0000   129.0000   130.0000   131.0000 
  132.0000   133.0000   134.0000   135.0000   136.0000   137.0000   138.0000   139.0000 
  140.0000   141.0000   142.0000   143.0000   144.0000   145.0000   146.0000   147.0000 
  148.0000   149.0000   150.0000   151.0000   152.0000   153.0000   154.0000   155.0000 
  156.0000   157.0000   158.0000   159.0000   160.0000   161.0000   162.0000   163.0000 

init
Matrix C =
23520.0000 24348.0000 25176.0000 26004.0000 26832.0000 27660.0000 28488.0000 29316.0000 
25312.0000 26204.0000 27096.0000 27988.0000 28880.0000 29772.0000 30664.0000 31556.0000 
27104.0000 28060.0000 29016.0000 29972.0000 30928.0000 31884.0000 32840.0000 33796.0000 
28896.0000 29916.0000 30936.0000 31956.0000 32976.0000 33996.0000 35016.0000 36036.0000 
30688.0000 31772.0000 32856.0000 33940.0000 35024.0000 36108.0000 37192.0000 38276.0000 
32480.0000 33628.0000 34776.0000 35924.0000 37072.0000 38220.0000 39368.0000 40516.0000 
34272.0000 35484.0000 36696.0000 37908.0000 39120.0000 40332.0000 41544.0000 42756.0000 
36064.0000 37340.0000 38616.0000 39892.0000 41168.0000 42444.0000 43720.0000 44996.0000 

N=8, time(s)=0.000030, cycles=29823, freq(MHz)=994.10, MFLOPS=34.13333, checksum=2142336.000000


M=128 K=128 N=128
time(s)=0.005455 cycles=5420687 freq(MHz)=993.71 MFLOPS=768.89 checksum=inf